20,20.00000,0.00500,1,0.21262,0.21353,0.21262
20,20.00000,0.00500,2,0.21261,0.21355,0.21261
20,20.00000,0.00500,3,0.18717,0.18157,0.18717
20,20.00000,0.00500,4,0.17520,0.16099,0.17520
20,20.00000,0.00500,5,0.17270,0.14808,0.17270
20,20.00000,0.00500,6,0.17210,0.13967,0.17210
20,20.00000,0.00500,7,0.17186,0.13588,0.17186
20,20.00000,0.00500,8,0.17173,0.13466,0.17173
20,20.00000,0.00500,9,0.17164,0.13488,0.17164
20,20.00000,0.00500,10,0.17158,0.13572,0.17158
20,20.00000,0.00500,11,0.17155,0.13677,0.17155
20,20.00000,0.00500,12,0.17154,0.13780,0.17154
20,20.00000,0.00100,1,0.21276,0.21374,0.21276
20,20.00000,0.00100,2,0.21271,0.21368,0.21271
20,20.00000,0.00100,3,0.18830,0.18332,0.18830
20,20.00000,0.00100,4,0.17548,0.16184,0.17548
20,20.00000,0.00100,5,0.17272,0.14877,0.17272
20,20.00000,0.00100,6,0.17210,0.13991,0.17210
20,20.00000,0.00100,7,0.17184,0.13602,0.17184
20,20.00000,0.00100,8,0.17169,0.13478,0.17169
20,20.00000,0.00100,9,0.17162,0.13495,0.17162
20,20.00000,0.00100,10,0.17159,0.13572,0.17159
20,20.00000,0.00100,11,0.17155,0.13669,0.17155
20,20.00000,0.00100,12,0.17152,0.13766,0.17152
20,20.00000,0.00100,13,0.17150,0.13851,0.17150
20,20.00000,0.00100,14,0.17147,0.13916,0.17147
20,20.00000,0.00100,15,0.17145,0.13962,0.17145
20,20.00000,0.00100,16,0.17143,0.13994,0.17143
20,20.00000,0.00100,17,0.17142,0.14015,0.17142
20,20.00000,0.00100,18,0.17141,0.14030,0.17141
20,20.00000,0.00100,19,0.17141,0.14039,0.17141
20,20.00000,0.00100,20,0.17140,0.14045,0.17140
20,20.00000,0.00100,21,0.17140,0.14048,0.17140
20,20.00000,0.00100,22,0.17139,0.14050,0.17139
20,20.00000,0.00100,23,0.17139,0.14050,0.17139
20,20.00000,0.00100,24,0.17139,0.14050,0.17139
20,20.00000,0.00100,25,0.17139,0.14049,0.17139
20,20.00000,0.00100,26,0.17139,0.14047,0.17139
20,20.00000,0.00050,1,0.21276,0.21374,0.21276
20,20.00000,0.00050,2,0.21272,0.21368,0.21272
20,20.00000,0.00050,3,0.18847,0.18359,0.18847
20,20.00000,0.00050,4,0.17552,0.16199,0.17552
20,20.00000,0.00050,5,0.17273,0.14889,0.17273
20,20.00000,0.00050,6,0.17210,0.14000,0.17210
20,20.00000,0.00050,7,0.17186,0.13606,0.17186
20,20.00000,0.00050,8,0.17172,0.13478,0.17172
20,20.00000,0.00050,9,0.17165,0.13494,0.17165
20,20.00000,0.00050,10,0.17160,0.13571,0.17160
20,20.00000,0.00050,11,0.17157,0.13670,0.17157
20,20.00000,0.00050,12,0.17155,0.13768,0.17155
20,20.00000,0.00050,13,0.17153,0.13854,0.17153
20,20.00000,0.00050,14,0.17151,0.13920,0.17151
20,20.00000,0.00050,15,0.17148,0.13966,0.17148
20,20.00000,0.00050,16,0.17145,0.13998,0.17145
20,20.00000,0.00050,17,0.17143,0.14020,0.17143
20,20.00000,0.00050,18,0.17142,0.14035,0.17142
20,20.00000,0.00050,19,0.17142,0.14044,0.17142
20,20.00000,0.00050,20,0.17141,0.14049,0.17141
20,20.00000,0.00050,21,0.17141,0.14052,0.17141
20,20.00000,0.00050,22,0.17140,0.14054,0.17140
20,20.00000,0.00050,23,0.17140,0.14054,0.17140
20,20.00000,0.00050,24,0.17140,0.14053,0.17140
20,20.00000,0.00050,25,0.17140,0.14052,0.17140
20,20.00000,0.00010,1,0.21276,0.21374,0.21276
20,20.00000,0.00010,2,0.21272,0.21369,0.21272
20,20.00000,0.00010,3,0.18863,0.18383,0.18863
20,20.00000,0.00010,4,0.17555,0.16214,0.17555
20,20.00000,0.00010,5,0.17273,0.14900,0.17273
20,20.00000,0.00010,6,0.17209,0.14012,0.17209
20,20.00000,0.00010,7,0.17185,0.13609,0.17185
20,20.00000,0.00010,8,0.17172,0.13478,0.17172
20,20.00000,0.00010,9,0.17165,0.13493,0.17165
20,20.00000,0.00010,10,0.17159,0.13573,0.17159
20,20.00000,0.00010,11,0.17156,0.13675,0.17156
20,20.00000,0.00010,12,0.17154,0.13776,0.17154
20,20.00000,0.00010,13,0.17153,0.13863,0.17153
20,20.00000,0.00010,14,0.17150,0.13929,0.17150
20,20.00000,0.00010,15,0.17147,0.13975,0.17147
20,20.00000,0.00010,16,0.17145,0.14006,0.17145
20,20.00000,0.00010,17,0.17143,0.14027,0.17143
20,20.00000,0.00010,18,0.17143,0.14041,0.17143
20,20.00000,0.00010,19,0.17142,0.14050,0.17142
20,20.00000,0.00010,20,0.17142,0.14056,0.17142
20,20.00000,0.00010,21,0.17142,0.14059,0.17142
20,20.00000,0.00010,22,0.17141,0.14060,0.17141
20,20.00000,0.00010,23,0.17141,0.14060,0.17141
20,20.00000,0.00010,24,0.17141,0.14060,0.17141
20,15.00000,0.00500,1,0.21272,0.21369,0.21272
20,15.00000,0.00500,2,0.21265,0.21360,0.21265
20,15.00000,0.00500,3,0.18704,0.18143,0.18704
20,15.00000,0.00500,4,0.17523,0.16109,0.17523
20,15.00000,0.00500,5,0.17279,0.14827,0.17279
20,15.00000,0.00500,6,0.17215,0.13971,0.17215
20,15.00000,0.00500,7,0.17188,0.13589,0.17188
20,15.00000,0.00500,8,0.17178,0.13476,0.17178
20,15.00000,0.00500,9,0.17175,0.13501,0.17175
20,15.00000,0.00500,10,0.17173,0.13586,0.17173
20,15.00000,0.00500,11,0.17173,0.13689,0.17173
20,15.00000,0.00100,1,0.21276,0.21374,0.21276
20,15.00000,0.00100,2,0.21272,0.21369,0.21272
20,15.00000,0.00100,3,0.18809,0.18306,0.18809
20,15.00000,0.00100,4,0.17544,0.16191,0.17544
20,15.00000,0.00100,5,0.17282,0.14899,0.17282
20,15.00000,0.00100,6,0.17212,0.14003,0.17212
20,15.00000,0.00100,7,0.17189,0.13616,0.17189
20,15.00000,0.00100,8,0.17179,0.13496,0.17179
20,15.00000,0.00100,9,0.17172,0.13518,0.17172
20,15.00000,0.00100,10,0.17168,0.13601,0.17168
20,15.00000,0.00100,11,0.17165,0.13701,0.17165
20,15.00000,0.00100,12,0.17164,0.13796,0.17164
20,15.00000,0.00100,13,0.17164,0.13876,0.17164
20,15.00000,0.00100,14,0.17163,0.13937,0.17163
20,15.00000,0.00100,15,0.17161,0.13982,0.17161
20,15.00000,0.00100,16,0.17160,0.14014,0.17160
20,15.00000,0.00100,17,0.17160,0.14037,0.17160
20,15.00000,0.00100,18,0.17159,0.14053,0.17159
20,15.00000,0.00100,19,0.17159,0.14065,0.17159
20,15.00000,0.00100,20,0.17159,0.14075,0.17159
20,15.00000,0.00100,21,0.17159,0.14083,0.17159
20,15.00000,0.00050,1,0.21276,0.21374,0.21276
20,15.00000,0.00050,2,0.21273,0.21369,0.21273
20,15.00000,0.00050,3,0.18826,0.18332,0.18826
20,15.00000,0.00050,4,0.17548,0.16206,0.17548
20,15.00000,0.00050,5,0.17282,0.14911,0.17282
20,15.00000,0.00050,6,0.17212,0.14009,0.17212
20,15.00000,0.00050,7,0.17189,0.13617,0.17189
20,15.00000,0.00050,8,0.17179,0.13495,0.17179
20,15.00000,0.00050,9,0.17172,0.13517,0.17172
20,15.00000,0.00050,10,0.17167,0.13597,0.17167
20,15.00000,0.00050,11,0.17165,0.13695,0.17165
20,15.00000,0.00050,12,0.17164,0.13791,0.17164
20,15.00000,0.00050,13,0.17163,0.13871,0.17163
20,15.00000,0.00050,14,0.17161,0.13934,0.17161
20,15.00000,0.00050,15,0.17160,0.13980,0.17160
20,15.00000,0.00050,16,0.17159,0.14012,0.17159
20,15.00000,0.00050,17,0.17159,0.14034,0.17159
20,15.00000,0.00050,18,0.17158,0.14050,0.17158
20,15.00000,0.00050,19,0.17158,0.14063,0.17158
20,15.00000,0.00050,20,0.17158,0.14073,0.17158
20,15.00000,0.00050,21,0.17157,0.14082,0.17157
20,15.00000,0.00010,1,0.21276,0.21374,0.21276
20,15.00000,0.00010,2,0.21273,0.21370,0.21273
20,15.00000,0.00010,3,0.18841,0.18355,0.18841
20,15.00000,0.00010,4,0.17552,0.16220,0.17552
20,15.00000,0.00010,5,0.17283,0.14922,0.17283
20,15.00000,0.00010,6,0.17212,0.14015,0.17212
20,15.00000,0.00010,7,0.17189,0.13616,0.17189
20,15.00000,0.00010,8,0.17179,0.13494,0.17179
20,15.00000,0.00010,9,0.17172,0.13515,0.17172
20,15.00000,0.00010,10,0.17167,0.13595,0.17167
20,15.00000,0.00010,11,0.17164,0.13694,0.17164
20,15.00000,0.00010,12,0.17162,0.13790,0.17162
20,15.00000,0.00010,13,0.17160,0.13872,0.17160
20,15.00000,0.00010,14,0.17158,0.13935,0.17158
20,15.00000,0.00010,15,0.17157,0.13982,0.17157
20,15.00000,0.00010,16,0.17156,0.14014,0.17156
20,15.00000,0.00010,17,0.17155,0.14036,0.17155
20,15.00000,0.00010,18,0.17154,0.14053,0.17154
20,15.00000,0.00010,19,0.17154,0.14065,0.17154
20,15.00000,0.00010,20,0.17154,0.14075,0.17154
20,15.00000,0.00010,21,0.17153,0.14082,0.17153
20,15.00000,0.00010,22,0.17153,0.14088,0.17153
20,15.00000,0.00010,23,0.17152,0.14089,0.17152
20,15.00000,0.00010,24,0.17151,0.14087,0.17151
20,15.00000,0.00010,25,0.17150,0.14085,0.17150
20,15.00000,0.00010,26,0.17150,0.14083,0.17150
20,20.00000,0.00100,1,0.21276,0.21374,0.21276
20,20.00000,0.00100,2,0.21271,0.21368,0.21271
20,20.00000,0.00100,3,0.18830,0.18332,0.18830
20,20.00000,0.00100,4,0.17548,0.16184,0.17548
20,20.00000,0.00100,5,0.17272,0.14877,0.17272
20,20.00000,0.00100,6,0.17210,0.13991,0.17210
20,20.00000,0.00100,7,0.17184,0.13602,0.17184
20,20.00000,0.00100,8,0.17169,0.13478,0.17169
20,20.00000,0.00100,9,0.17162,0.13495,0.17162
20,20.00000,0.00100,10,0.17159,0.13572,0.17159
20,20.00000,0.00100,11,0.17155,0.13669,0.17155
20,20.00000,0.00100,12,0.17152,0.13766,0.17152
20,20.00000,0.00100,13,0.17150,0.13851,0.17150
20,20.00000,0.00100,14,0.17147,0.13916,0.17147
20,20.00000,0.00100,15,0.17145,0.13962,0.17145
20,20.00000,0.00100,16,0.17143,0.13994,0.17143
20,20.00000,0.00100,17,0.17142,0.14015,0.17142
20,20.00000,0.00100,18,0.17141,0.14030,0.17141
20,20.00000,0.00100,19,0.17141,0.14039,0.17141
20,20.00000,0.00100,20,0.17140,0.14045,0.17140
20,20.00000,0.00100,21,0.17140,0.14048,0.17140
20,20.00000,0.00100,22,0.17139,0.14050,0.17139
20,20.00000,0.00100,23,0.17139,0.14050,0.17139
20,20.00000,0.00100,24,0.17139,0.14050,0.17139
20,20.00000,0.00100,25,0.17139,0.14049,0.17139
20,20.00000,0.00100,26,0.17139,0.14047,0.17139
