447
1336
1121
494
4539
2081
483
2456
2752
975
533
264
4063
2868
715
422
492
2156
594
592
1863
4332
1187
1632
3216
667
1009
4401
725
3327
4743
514
30
2848
1881
215
748
4776
3378
4824
264
306
3018
1386
2127
348
3674
2275
2323
2285
85
3658
3765
3540
1529
351
2761
1049
4988
3990
3557
2719
1818
1798
814
317
2370
2233
3846
574
925
1392
2716
3517
2685
981
2252
4920
4954
4549
2855
4937
88
4106
4386
3944
1067
4212
491
2784
3783
167
4230
1894
1712
1359
3470
2706
3759
3636
1554
1523
3043
4063
4863
3322
1323
2205
3907
4082
1415
4842
1306
342
4160
4453
2218
3951
3689
1724
939
2492
2768
1329
2054
3759
1575
1098
4755
901
150
1471
3940
3213
4221
2698
3801
3758
4947
2222
4083
443
3990
901
718
2429
2205
4929
3967
9
1756
3344
4832
1081
4350
3377
4553
1574
2710
3343
3216
3903
1415
2807
4541
893
4254
4826
2769
1991
2989
1420
4138
1328
957
1092
1873
620
2386
3630
2530
1516
3711
1577
1794
1869
494
2007
727
3473
1621
350
4159
3343
3185
3326
2754
2384
1042
3091
1117
574
4122
2884
3882
1860
1737
1431
4338
1081
1647
3293
101
1128
3745
3513
2350
883
934
3829
2377
924
1580
764
2508
1997
3776
854
3918
2226
816
1841
567
186
2478
938
4717
4898
2748
3743
230
1357
504
3025
4961
748
4689
3398
3087
3094
895
3005
567
1720
309
130
157
2994
4712
411
4423
3994
497
702
1928
538
3740
4467
192
2056
4996
1308
2417
806
4596
4757
369
2320
4835
3597
448
4782
2834
3304
3441
3422
290
3741
1399
1257
606
3114
2354
974
2938
3541
3687
240
3437
3869
515
4448
2981
3861
283
2585
492
2107
1352
852
248
2933
3628
1140
734
1645
367
1182
3512
1795
3540
4342
1321
1855
4704
803
1026
2170
1253
4136
1642
4907
345
2006
3544
2939
4071
4839
3
1086
473
4063
1584
1917
3795
816
1969
4414
838
64
2882
2870
1023
3225
666
4312
4581
4774
717
2736
1453
4888
1831
4987
1254
3996
1171
1722
1472
2495
3312
158
1794
4749
2118
1770
4527
883
4861
1487
20
1018
1476
3549
453
4515
338
3129
4822
3077
4998
4532
1477
4965
2587
1449
2481
4353
1651
1474
1328
2278
4341
491
603
4600
1473
158
3056
50
1274
2750
3662
512
2313
2316
3174
1396
2780
4043
3836
2327
2332
4362
142
1583
4232
4664
1790
745
4655
2130
23
1995
2880
3193
1380
3444
4048
4839
705
2610
3786
3525
223
693
3911
1046
1849
4124
3824
4851
3383
3989
3843
4176
34
3542
4950
4364
861
3821
4435
1501
2560
2773
4243
2236
1754
2685
614
1446
2887
1829
158
3472
1450
2618
4098
4308
502
2245
3451
4904
115
2091
4865
2105
4452
3673
961
697
3964
3557
2486
2176
1809
3079
135
2990
1648
2639
2505
3284
4536
4421
994
4978
722
4515
1329
2211
3205
3812
4119
4052
4448
2777
2783
1196
1115
731
1128
2444
641
3510
4040
4703
55
627
3146
105
2462
433
4174
2035
2110
3812
1778
4626
2338
917
2043
1417
2433
4991
863
4029
4937
4808
2839
4869
531
1151
1639
1531
3725
2170
3829
3931
3514
1266
2974
3445
1875
1780
2731
1104
4751
1385
3811
1759
1864
1179
3853
3072
1854
1889
1054
409
1448
593
1254
2466
4436
2228
4892
4139
1886
1692
1938
3153
4276
3837
3831
3677
3226
3133
3788
1940
1139
143
2152
256
4904
2625
1822
4090
3726
2254
2608
4190
865
4861
2311
1396
2088
1022
1906
4243
3875
3523
249
2037
3045
3839
891
4341
861
1026
1476
63
314
1090
3454
1657
1529
4063
422
644
2235
191
163
636
867
627
2875
2728
4710
2794
2289
1373
3023
2851
1725
4925
304
696
545
2818
904
1905
4998
273
936
846
216
3072
2117
2850
4350
900
4912
2150
646
3108
1404
826
4892
3890
4946
2058
3091
3771
1812
4416
3340
512
451
4384
4997
1313
4212
2152
3651
3007
125
3842
2861
2943
312
3688
3999
4023
3675
1688
4914
3613
4700
143
3166
2662
4202
3975
396
2936
2794
2508
503
4823
113
497
2912
2222
726
614
3422
2952
1053
3091
4182
1893
4795
528
3006
432
2212
3397
2783
104
2974
4719
4965
2597
3037
278
1066
2871
4424
2851
4765
1815
2932
610
1909
2924
3664
4282
4503
214
4185
288
1497
639
2874
1343
3413
3685
2173
2953
3651
3762
4040
4951
3121
2056
1812
4804
2686
4484
3881
2604
2318
4119
2125
3079
939
4181
394
853
4860
3810
4552
1262
3131
4628
600
4146
3040
4757
109
1648
4389
3302
1395
473
252
1538
2794
1842
226
198
926
2875
3372
3445
4073
4183
1539
2352
4262
2931
1932
1332
422
1897
1108
139
4097
1365
504
4363
2173
3730
4286
241
2365
438
892
2081
2393
3121
2672
4932
3691
4639
4839
414
2720
2256
2699
504
4671
3616
3043
4026
1845
1062
4969
4250
3265
2902
3016
304
1833
2831
731
578
4610
1317
2592
234
4181
1809
2087
1101
2634
1291
4262
941
3789
4204
865
3240
143
3802
3455
3037
4026
1621
1353
4466
10
3719
2763
4884
798
2236
2180
4316
473
4839
3134
3019
613
1271
304
3007
512
4505
2121
269
1794
228
3726
1293
959
1415
1928
959
3175
4613
2467
4556
654
4941
2529
3574
1780
1007
4397
4063
1150
4952
2077
3733
992
2885
3617
950
646
791
4537
715
3152
4764
1049
289
1112
142
4395
3035
3112
4005
1090
1070
3432
4401
3534
1687
4500
3657
175
3163
3755
1654
3100
4297
2450
1062
1353
2225
3753
205
2301
408
2868
944
1262
4566
272
699
4925
3427
4658
389
1013
4950
4005
1791
4898
1472
1093
4215
123
797
4282
2192
2818
3184
2489
3596
1560
2586
3063
3360
876
2311
2284
71
4449
58
3555
4881
3830
2461
3821
3712
2796
412
126
1771
382
4117
4402
4873
4374
4656
4744
3559
3203
3889
4619
1100
1956
614
4627
595
678
1107
4655
2618
4130
3558
524
3594
914
297
2013
3852
2719
644
4677
937
3260
4129
2795
3969
700
4371
3907
2754
607
4654
3435
836
4704
4889
3153
2553
20
459
1978
556
3004
3290
2750
3897
3758
1974
1921
2439
282
4619
2986
556
194
1120
1627
1380
3033
574
4478
20
1571
2257
3579
4449
3183
4361
197
3514
1901
2274
3178
861
2588
1780
1529
681
2511
4857
947
2438
40
4470
4373
4446
1851
313
4312
4230
1246
2131
2297
2702
4557
571
3172
1477
2117
2462
2285
3327
926
4
4202
3040
1517
4024
236
1781
1624
2438
646
2831
3914
4621
861
2507
2143
1677
1378
3520
1933
160
3616
1848
3226
746
3609
1321
4193
990
564
3218
4379
999
1295
4256
2927
2152
3859
4998
4301
3676
761
1454
15
4775
4584
2198
3236
2230
2039
2863
3232
1592
237
1308
99
4982
300
2838
4421
2439
2971
1661
219
2089
639
2292
4056
680
1325
3741
3747
1613
3898
4822
1760
4503
3514
4217
2409
3446
1159
4566
4045
4807
3466
1927
3952
497
3016
4850
2708
1174
1022
1190
3535
824
434
2379
1964
1236
3031
1185
2790
990
1661
3703
2420
4226
2150
4553
1159
4528
2757
3596
4978
3779
1757
4445
3002
4063
4284
1140
3059
206
4069
4901
2023
4461
3511
1333
3514
3790
3400
3638
2303
4073
4741
1487
160
1655
1114
2001
2108
2280
1481
961
186
192
2589
2278
2602
3019
2644
3686
4890
3803
1256
1431
3926
2081
1606
1224
1860
4371
1350
4278
3889
4328
3035
2489
4449
882
3704
2973
4374
1856
3886
3681
4692
3412
4773
2543
3131
2809
2350
4881
4932
1196
4510
926
3285
336
54
627
1122
1669
3816
3943
2619
4814
1796
4044
1477
2930
4580
1021
1602
3022
2938
2868
4419
2416
4884
3146
3252
3936
2119
2665
3797
4774
1550
1961
1044
4189
2126
2016
1111
793
1873
2017
2152
818
3718
3914
119
2482
4517
1158
2875
1725
767
2189
1067
2287
726
2494
2991
1055
1136
3616
167
1554
4015
4869
281
2199
1218
1668
4524
3629
4105
3080
624
115
3633
4937
4861
4194
341
3852
4033
1187
4808
4835
1672
4461
2109
1539
3296
701
432
3549
4892
4048
512
3105
2640
4282
2993
4046
4051
2894
4400
3446
4571
4381
1345
4328
3875
1829
4472
4559
2066
1181
4230
4937
1405
4104
4788
1575
4165
2496
1378
927
849
1438
3100
3387
4740
598
889
438
705
4571
3819
657
4408
911
1532
158
3123
2083
3583
1930
3475
1822
1504
4122
2456
2700
2716
3283
3093
1171
515
4585
4757
1771
1452
2662
2791
639
4672
1210
382
110
2730
521
622
2417
1571
4650
2923
4988
4654
425
3615
375
394
780
984
989
4559
2032
2815
2803
555
4826
2091
563
3970
2230
1639
2039
1302
4063
4015
120
4857
981
3541
4081
234
1712
904
801
4650
2632
2854
512
2757
424
2664
3289
2242
865
1385
1396
4681
2143
430
1184
2823
2515
3949
3814
1278
2062
1688
1633
4345
3897
1284
3313
1925
3043
2219
520
2091
577
1577
4996
2943
4719
4066
4826
3015
3069
2692
4054
2291
2930
2074
1756
1055
2363
4730
1425
2674
278
4725
4848
1216
964
1510
4782
4368
4537
745
2745
4276
189
863
3457
2519
3617
1833
1100
1853
4598
3974
1510
3752
798
439
3810
3363
2933
1123
2700
4367
4774
4143
947
2782
954
4556
818
1343
1183
4295
3925
3504
4915
2387
3914
765
282
3910
541
1776
4257
3232
989
3040
2245
4238
2564
2556
2089
549
802
2609
3551
3041
4996
1969
2571
4036
3879
3747
3203
3006
473
3555
3179
717
1123
1158
1281
3766
570
3327
1160
4743
2705
4293
1215
2878
1019
3667
4381
3893
4743
4251
1752
2556
106
4432
4320
1720
1517
2861
2435
188
4860
443
572
124
3091
3256
1774
4066
3225
2693
2119
901
1439
281
934
3779
4339
34
4203
4875
2536
1760
4193
214
2211
2387
2024
3167
1891
1278
2752
396
3781
2822
4689
3982
2401
2701
3691
2461
4872
4893
4015
4723
2212
317
4972
2570
2754
1378
3691
4131
1410
3186
2717
1699
1559
2535
4850
4912
282
2613
1861
4017
3806
3542
2217
1669
3913
3516
4234
4197
2985
4704
2927
3722
3576
924
627
3726
3566
4083
4962
1095
2514
1397
3295
4236
85
2401
3832
2923
3266
3854
4995
4832
4677
3531
1377
1113
853
647
1563
157
1810
1081
2607
4944
75
4170
2152
4052
3076
4009
3386
4478
3785
4062
249
852
3581
2161
258
4652
3498
932
4481
27
3964
1205
1402
3385
434
3918
2922
4012
2298
1333
4937
4938
899
4731
3018
1856
4015
784
3676
4106
1837
1911
482
3068
364
1781
130
857
3759
4752
2637
3412
1620
1845
1072
236
718
3480
737
883
422
1860
3718
767
1851
3454
329
4314
1796
1688
2621
1923
4030
2831
715
4801
399
124
244
2627
1140
2031
4774
916
4808
4950
3654
897
2024
4704
4472
3148
2351
3141
1464
3578
491
2288
682
26
2593
2702
2715
2882
2359
846
1234
509
3056
3583
3131
2051
3902
2658
3251
598
61
2704
67
588
3961
3885
2121
2523
1682
3056
3262
1657
3151
1936
226
502
2216
4740
2045
3250
794
3355
2046
2297
2747
872
4058
4295
3104
4603
863
3952
4458
641
3629
2325
4336
1951
397
3457
4117
432
3923
2173
1483
4014
2309
4939
3034
235
4200
225
843
4849
820
3549
3132
2428
4237
3914
2991
2117
4894
41
1499
1256
4930
3750
4657
2117
1444
3081
4950
4339
1748
1633
124
3628
3693
1397
4472
1703
3275
2722
1739
3335
2713
2664
2717
3444
2389
1399
4099
3705
4292
2022
3370
2157
4389
1961
4944
2385
4073
4142
977
4110
2853
1380
4579
3353
1400
1151
1029
2335
3039
4883
1214
3091
3370
531
2842
195
4903
3231
2079
3774
4620
4185
474
341
2023
2123
1160
2131
1204
2551
1375
3957
3577
1521
3976
3349
1162
4912
3397
3409
2830
2631
4813
424
1426
1592
4515
603
845
1052
3214
644
502
2253
983
4260
1894
1483
334
444
1086
3841
3405
3414
4961
2136
4717
788
1549
3516
3025
4990
1366
20
3045
3842
4948
1817
760
1170
4174
893
3685
3860
3367
1769
4887
80
968
2139
1396
933
4971
1705
4486
3973
3354
607
4643
3353
3585
4671
41
1160
317
282
3768
3426
4178
1873
2245
2117
4287
2218
2460
1225
3075
3523
2823
257
896
2715
3706
950
4469
4652
3159
1844
1065
147
842
1405
736
3155
1720
1515
2311
3669
158
4192
4055
798
4784
3541
2250
4998
3162
1743
365
3455
1394
2304
4028
4440
2619
2948
4508
2218
1415
2041
3452
4072
2606
3927
3728
411
1872
2882
4834
1307
2242
2089
4639
3446
652
1358
2564
2152
4995
3700
1969
3035
4704
1883
2780
761
886
2107
1541
2374
2462
4068
1453
3197
2206
1358
1412
1845
1485
2176
2761
338
2757
87
2988
4107
2613
3534
1057
1720
2567
3879
2259
2104
2998
1837
3630
1300
4485
622
3209
2765
1905
4048
721
2125
4448
2215
481
1515
3933
3076
252
2757
3059
4050
3599
456
2320
2854
2544
3309
2564
4751
672
3089
4012
3353
3276
3457
1891
448
4778
4014
1014
2912
2746
4903
99
2437
2261
3461
4872
3457
3724
4049
4445
3676
3640
627
567
1911
1261
2820
366
4310
224
817
4898
4282
2261
607
2441
594
865
2715
2152
1413
4800
954
1154
3730
4819
2007
4140
3310
3946
1481
670
2862
4801
3680
3825
4556
3546
658
2717
1724
1283
318
3728
2794
1834
2981
1517
1515
4191
4116
4106
3230
3067
4797
3318
525
1154
1408
384
1031
2771
418
2765
1061
1099
1277
1412
3278
4655
4648
2130
3272
4536
1055
2881
1685
2567
1606
764
2218
1121
292
1843
558
2475
1332
950
443
2602
115
1781
3503
1187
3811
991
3769
247
4871
2778
1066
4928
4389
684
2538
2622
1218
4260
4308
1479
3146
2291
4371
1184
1887
12
4606
4117
3719
2697
4598
3101
4816
2226
1875
1394
387
4619
2148
2622
524
927
135
916
705
755
2407
4307
4711
2772
1928
802
1171
2973
4929
4568
1767
1956
493
245
280
3640
4165
4097
1639
402
3945
1694
2923
224
3615
3789
2937
2503
4738
316
1199
3931
802
494
4336
4685
4896
4129
312
4767
2754
2777
2266
78
637
4414
281
4517
784
4159
633
3511
3770
1445
2145
838
3270
4717
4282
3635
3610
2038
533
408
4996
1140
2312
4364
2321
385
757
3476
1584
1391
966
2283
4150
1074
4704
1931
541
3990
1051
2831
2942
4611
1462
3446
2688
1485
2236
1851
1865
2772
2656
683
158
147
1529
2038
115
2123
2871
4282
4790
1380
4235
2020
3835
4937
2327
2908
4984
567
3155
4234
1932
4684
2680
3999
3186
3621
1854
1156
2263
2110
4298
1948
2509
647
4928
1973
1815
4674
4023
4496
3604
593
2988
4676
1316
4932
1809
1720
1951
2
3499
925
4060
3351
1529
4904
4887
4745
2098
2049
2510
737
3914
1061
1424
806
3037
1537
4878
296
27
872
3262
2832
3203
3038
766
4259
1920
1785
1301
1081
1577
165
4718
583
2171
1679
2226
4799
197
3015
474
867
4580
2743
1966
1865
2672
1000
1129
3546
4884
4536
4817
3545
3171
2785
1608
2434
1862
2243
2769
1827
2747
905
4060
4635
1270
282
646
197
3812
1632
3647
2040
2890
190
1073
3627
4312
2063
3137
3410
1218
199
3015
3478
2470
1202
1397
2129
219
4420
941
863
2585
3651
3706
271
358
4324
1425
2473
4333
2863
4235
4279
35
4978
3091
4489
4402
586
501
336
2640
2984
581
1210
2519
621
1730
2868
3680
4567
2200
3677
1408
469
3797
622
3585
2523
4898
367
2532
4749
4035
4291
791
4501
3339
2720
3131
2075
1144
4338
518
4535
2634
4654
1672
2151
3390
3368
225
766
2529
544
4665
4998
2572
3747
1848
457
4813
177
3596
2882
2093
4505
248
1386
4626
2692
3812
4611
800
3065
2092
1741
2495
4600
3346
4050
4888
4591
852
247
1426
3278
4109
2648
4330
4730
2336
3198
2473
754
668
4799
833
4550
3650
1575
3272
4801
2435
4967
3673
1810
3057
3156
1688
3543
3673
1770
547
1049
1564
1099
1093
4892
1013
3643
1330
2211
2090
2322
4793
2614
4122
764
4872
2246
466
2475
4319
3639
425
1655
2644
3218
1621
1770
1931
829
1395
3581
4659
1549
4257
3338
3546
913
652
4839
2218
64
735
1910
343
2494
3363
3331
3897
3015
2178
1516
859
4115
4646
3332
2831
744
2795
3741
874
1472
3596
4786
784
3631
2795
3761
1070
3322
2024
4180
1937
2757
4659
3927
2757
4443
2018
2152
2077
4329
4764
4803
4610
2551
1474
2574
2077
89
4256
1885
93
820
3237
2199
1372
2936
1632
4333
890
52
4510
4917
3975
1062
4672
4662
2377
3933
2882
1756
1372
4234
2705
2246
862
1951
4904
1854
4149
1425
1164
4824
859
4515
3629
3633
2705
2555
149
3038
3225
3450
1396
4839
2335
4404
822
3559
3971
1068
1905
3091
589
1877
1392
115
2576
4758
3591
3153
3821
53
2698
2225
1002
2131
3331
4197
2373
2559
4745
4225
4940
2493
3291
1889
75
121
3831
2300
4070
954
2791
4607
3094
4451
320
3827
2870
1610
4368
3349
1119
1922
997
4103
4733
4568
1218
2118
140
686
1058
3373
436
4279
4987
1343
4741
523
3735
4823
817
3883
4122
4318
4896
4904
1764
798
465
722
111
4009
2439
2631
626
1139
3903
89
1673
4352
692
2553
2921
4519
3270
158
1651
2077
3236
1560
2421
668
1143
3003
238
3895
3173
676
2882
4669
3571
4057
4278
627
1268
229
2793
3176
2167
4407
4678
2729
2725
2270
3418
2292
1674
1238
1905
2698
4172
1816
3912
4097
197
2708
3900
3216
1624
2203
1971
1361
3738
3522
2571
2355
2469
3669
3184
1325
3513
1350
267
2783
4972
4915
30
2627
2532
2593
4282
2196
446
1430
1026
4723
3218
1632
4608
2534
3812
907
2171
3407
2893
4619
2245
4030
1454
3213
1243
347
3186
3621
1529
3740
1062
1504
3464
3595
3355
2862
4142
4141
300
3043
3721
436
4651
1223
993
4431
859
766
2761
2247
4403
3398
1606
3751
1039
2807
3447
3536
3249
2728
3807
4328
214
3470
548
1138
3623
1978
4813
3718
1907
4807
2904
2550
419
4116
1958
1968
525
4372
567
1392
2882
4430
2752
773
1822
1471
3933
383
1078
1667
354
34
4279
3600
2298
3135
1608
2563
3898
458
3120
2089
883
3167
2311
4655
1320
4516
3432
158
3284
1096
1504
4862
2963
1086
3063
1187
8
3968
4642
3146
631
578
3975
484
4359
1439
4950
3707
124
4082
2831
437
128
966
725
921
3691
4790
2411
4642
4771
3153
1648
3764
2242
4110
1291
2436
2411
2794
2554
820
314
1463
1920
3647
941
4027
2658
3828
4863
3780
936
4989
2555
4080
2023
15
1568
495
1012
4471
1417
3503
1651
1743
3332
4685
266
2861
1396
4915
4948
322
1535
3472
3356
1722
4874
938
3741
2331
3897
3729
436
2754
4209
2974
3097
196
789
4704
2711
278
1021
966
1851
2352
852
3262
583
2952
3346
1379
2537
4744
1329
2701
4142
1924
4486
3025
4402
4146
3305
1237
4413
4368
4093
112
153
688
956
4542
2128
1935
3244
1158
4824
3447
2828
607
2623
327
3865
3569
2613
4946
2953
3579
767
1935
2701
2799
4819
659
2074
4571
1757
1846
4130
3124
1506
2994
4605
639
4678
2760
778
4573
4633
4537
1704
4050
653
446
3766
3277
4185
1880
4932
479
3768
396
1776
4117
4404
605
961
3007
3662
2355
1242
1246
2218
3782
4976
3815
901
2495
696
4081
3559
4746
300
1651
1142
31
680
1489
4742
1202
130
3557
3172
4619
3583
3165
3170
2944
1409
2311
587
1752
2282
1471
4976
3865
2046
2079
2686
4117
1336
3852
680
3627
1238
858
481
2514
3944
389
3659
1380
2153
3759
4704
835
2064
3806
556
321
1680
3709
1386
3681
4213
299
4945
2786
4972
1438
336
4591
2951
4125
1810
3837
2692
3262
3806
1336
3440
1332
4468
251
520
1646
2217
901
4477
117
3121
197
654
2125
3636
4757
1932
4830
3986
2335
2842
358
1358
2125
2570
3290
1409
407
4866
954
289
300
492
2180
2264
2656
2173
2117
3812
640
34
2970
3152
3132
3860
1752
2688
4053
4620
4855
3964
3167
3657
2629
2054
624
2593
1328
3845
2240
4637
4205
1366
4367
2192
2472
3856
158
1064
4073
752
2335
1617
1298
3581
4812
1579
941
214
4624
3097
3711
799
1453
551
1495
3447
4222
3947
2450
4959
3609
4952
278
3156
3648
4674
573
2321
4142
2194
2142
179
3846
3777
1712
3810
4173
942
935
3062
1664
1592
363
2127
3
1295
340
4879
1894
2541
610
2340
4340
3102
1591
2985
1005
1301
833
135
893
4002
4659
992
2341
4045
3970
3076
4041
2351
317
457
3292
3033
3918
4247
749
914
4822
1144
3959
2818
4249
4505
158
1209
1324
412
1665
2457
1357
4256
2192
1158
2713
684
3175
4830
4329
1251
160
259
1903
2553
285
3523
1180
556
3260
1032
3975
1410
341
2400
4400
2860
1283
2674
2194
4062
3695
3447
4537
2234
3084
3290
722
2119
575
2300
3718
1042
4751
2777
3407
194
1417
4086
2778
4928
2486
3761
2656
892
1889
3051
2765
3980
228
3191
652
1894
90
2220
2799
496
627
2240
3097
3336
317
2038
340
3209
1882
4306
3779
4920
4524
1094
4407
1656
2769
3129
3120
3087
1951
3895
997
2495
1751
2409
2052
130
3511
3252
2374
3201
1155
3378
2243
585
3335
2971
3364
3265
3162
2981
2498
4054
2488
4510
3875
2957
2962
1530
3065
2974
2395
2665
4277
688
952
1517
2220
530
3897
1564
3503
2041
4084
1672
3296
1758
4833
2913
3664
83
1916
1653
829
202
668
1350
35
3888
4645
2627
984
1260
1584
473
1311
3265
3715
4689
3418
4723
113
1447
3713
1544
152
1562
1945
3757
2570
4650
3094
4480
1151
1902
124
2644
130
2369
1363
2955
156
704
4172
2618
636
937
2230
3355
1607
3338
938
3582
1549
767
22
1266
1687
1104
1406
3821
3432
4863
4959
3686
3763
4684
2324
1201
4258
2609
3972
4063
2799
3738
4012
735
4263
3773
3323
4991
4033
4755
384
84
1339
384
1697
4346
1139
1218
2463
4420
2662
4912
1415
3394
1078
3934
3770
4949
3358
1010
4553
4115
1853
759
1353
4385
2870
4323
668
151
1672
1591
139
4259
4286
4037
3671
3944
4254
4076
3843
3740
4162
1060
2117
4601
4678
4615
705
413
1022
2369
1558
2389
3602
949
1000
4453
671
4767
4553
3633
4656
3958
4250
76
4106
448
4389
2215
4859
2850
3410
4472
3577
3862
4747
3022
4655
2412
2119
2140
3930
2523
512
2724
4875
3913
2401
2335
1740
1873
2004
3717
3627
984
2400
4141
4763
3206
4082
4326
4815
2836
1187
3747
4969
3885
313
20
2150
2661
2841
315
1897
4634
4767
4624
4881
3134
1684
4691
214
316
3858
2439
2893
1408
3432
444
4223
387
2230
1614
774
926
3146
2074
4657
4791
3140
3711
3470
3429
874
2119
4950
1400
1158
3759
2164
2380
4769
2855
3170
4430
1780
3613
2462
554
4422
1962
2486
2756
322
275
68
4995
1241
4905
1852
4654
1453
1584
1127
1916
4093
1510
3080
4949
4459
316
280
1668
583
3549
3841
4652
4693
1396
3703
1314
1957
1377
761
1699
3956
1322
3947
4599
315
1440
2064
1290
2194
2639
4208
2380
4226
3957
4241
2743
203
4995
878
4172
4704
1224
1392
4928
2052
1273
1417
4936
350
3249
2777
80
3422
1715
4443
4886
1758
2077
3437
241
2315
666
4897
3283
2933
1743
676
2354
4460
1073
1760
4359
84
4076
2659
601
1571
636
295
4419
3473
3037
570
2646
3558
818
2142
4369
3027
3914
1663
924
1711
751
2747
3912
465
2823
3232
1218
2125
2698
4519
1687
4955
4545
2033
2136
4774
4764
4469
472
4443
2499
3327
1576
507
665
1258
773
2050
1819
2421
4490
3766
3303
3448
4411
4772
4080
256
3046
3440
4905
1278
4466
721
4766
1444
1361
1378
3042
3824
3415
2949
3414
3418
2271
3331
3174
599
1781
2374
1151
4584
2253
1462
2077
137
3541
3328
324
4634
2332
3400
1770
4800
4719
2715
2377
329
2363
859
491
2283
4911
705
2486
2730
4899
2011
3319
1756
1169
2638
59
1044
3262
4185
283
2604
4037
2568
4610
1881
107
3360
1720
4805
4741
2462
2357
3100
2750
1376
1446
1281
2619
62
1296
4332
3225
706
889
3250
3001
3180
4590
2688
4126
219
411
2374
130
1928
1272
4430
3040
4756
1816
3432
4556
4146
4517
2348
1277
4460
136
2150
1937
3141
950
1066
2996
806
2018
464
1187
2726
1504
1632
232
1291
106
3333
868
4488
4773
2071
1905
4652
831
362
1230
702
2167
3526
1720
4344
4555
1942
444
2970
1888
925
2677
3402
4136
2568
2082
1546
966
1241
4027
2765
834
3079
1623
2523
285
1459
4595
516
2952
504
1364
65
920
4444
803
4928
1440
1647
160
4621
2715
4658
3216
1222
2181
2554
1485
3352
2870
1437
4062
4413
4170
629
1325
3702
1262
4611
2335
1777
544
3759
1740
4881
2966
1655
2531
2827
904
3168
3647
2895
1903
160
2434
549
4839
2270
473
3812
1672
2159
229
2588
471
2056
3134
3957
4115
2780
3614
704
1836
351
4793
2410
228
3128
704
2872
3883
887
3210
1246
2908
236
4641
4584
2794
1921
668
1744
572
1913
2519
2455
3935
4556
583
3881
282
3549
1845
4557
4599
3312
2049
3310
4642
2699
1959
4308
1044
2141
810
2882
4055
1292
2820
3516
3295
1646
1904
783
1530
1371
1076
4346
2045
3382
2801
4401
1810
1366
2699
361
4226
4076
4354
4884
4236
4034
944
2638
1231
1697
1773
2199
3803
797
3301
4646
2806
4045
1692
4473
1344
1165
1651
936
1283
3841
3293
2714
1910
407
4601
3146
2246
4710
3707
1132
902
4671
386
515
4537
3353
2144
4402
3229
603
2143
3058
4276
249
4586
2150
201
3686
4246
4038
2586
4904
4424
4888
2966
4662
2522
1018
4932
3603
3332
699
4888
3349
374
3907
1896
2505
4757
2488
4429
2855
567
60
3316
4122
2257
4045
2965
4138
1497
908
1669
4982
4429
4834
15
3844
2974
4928
1454
2827
3133
1051
654
975
512
2910
3207
2669
2500
414
4740
4757
879
3449
188
2819
568
68
4678
2780
2974
2823
3703
3156
2939
606
3496
300
2721
1673
4882
3994
3290
408
3040
108
1992
1725
3793
4914
1917
2115
479
2734
3173
3810
3746
4210
858
494
2588
13
3638
2382
3522
4591
4591
4570
2757
510
2322
4145
4594
2948
74
2554
4683
2794
596
529
3500
2596
3476
361
353
491
2461
2891
2637
433
1961
1033
3662
4113
2700
1778
2475
1869
3777
607
120
1396
2819
2379
2762
4798
4472
1530
1886
1046
4443
173
1415
2046
4929
3702
2461
996
3608
1687
2720
2618
941
4430
2832
2411
4166
1883
239
448
474
3613
192
4057
1186
686
744
2081
859
411
1530
4397
784
1893
3835
1397
394
2129
755
4056
1689
1548
3837
2049
1789
84
4706
3469
512
3377
3566
953
2128
4479
2995
2809
908
4737
2409
1240
350
4274
3806
4045
861
4328
4045
1819
3036
3250
2943
4890
3290
746
817
3930
4854
4368
2561
1883
3973
1880
1736
3214
4028
2412
2017
1864
17
4822
2151
1223
725
3889
2628
2523
197
2853
3841
4537
150
891
3926
1086
2882
4671
810
2666
1818
3842
1935
3144
181
3269
2648
3308
351
1935
2077
484
1051
479
3711
3001
3598
1344
147
765
1358
2510
4332
3143
2713
3327
2151
2149
728
4162
3294
3135
1954
661
2192
497
3326
2923
1165
3683
2298
1115
4713
559
3000
4290
2040
4472
3163
2151
372
4429
4875
2851
2688
649
621
2846
3758
3349
4364
4095
4322
1329
488
345
3358
2908
4704
3276
2921
3706
999
3549
3722
704
3425
4475
2362
3677
1062
3016
2436
2176
4614
63
521
4413
4577
197
242
2486
4324
1778
2907
3918
492
1178
4611
623
384
1072
3037
3296
678
3385
814
3413
2901
2884
2938
279
3447
1951
1923
181
595
1157
2451
1415
3352
576
767
3702
4707
1877
2424
3072
1001
4570
608
521
4912
2579
1750
3836
4498
2241
4919
4190
1395
4340
1751
1045
4017
4707
2973
532
1530
4033
4990
2957
4240
3680
1515
3601
4773
3510
1013
2253
3697
4346
1026
4187
481
4297
2968
3721
504
995
108
4279
2687
3059
1795
4278
1427
227
2407
1194
838
616
1851
4620
3146
2070
1727
2041
211
4322
4118
3858
863
369
272
4800
4333
726
4339
736
4764
143
2446
4066
3931
4475
1866
4584
4256
55
734
544
4296
322
1274
4122
2067
3040
1222
3354
766
3603
2801
3934
4962
575
1139
3718
4701
144
2851
2892
1656
469
2700
1055
3948
1593
4026
798
4282
3504
2004
3765
4312
2451
2870
775
4182
3516
2218
1504
1704
2543
1833
4545
3448
2871
2356
2659
1683
1805
