896
2779
1730
404
2675
1329
1857
848
2719
408
2559
1221
1616
2262
2517
458
1179
1446
1797
966
2151
442
2243
1312
1669
1500
2708
1446
642
2752
2149
898
1962
2297
1560
2414
1832
937
1715
408
1948
1978
2331
2125
1442
1639
90
200
859
1020
642
69
2171
882
2518
1783
2807
1573
690
1824
2909
574
660
25
268
2456
2451
2584
2298
1499
2920
2124
1242
446
2926
2584
2744
1083
2751
175
1007
2177
961
121
54
1859
831
177
292
686
1257
784
1823
1155
2149
1925
166
44
2800
375
2968
386
351
1238
429
805
466
1580
1354
2988
2133
751
2909
2456
1220
186
594
198
1087
876
2426
901
442
2999
875
542
2208
962
2718
2850
555
1105
1616
243
859
2168
1101
2958
1407
128
1446
268
404
1015
2921
2544
2849
2249
2524
2502
1389
2249
2024
1374
2594
984
400
1748
2961
1403
2377
60
671
1543
24
639
946
2549
860
98
2981
2856
2802
895
1011
1497
1398
2887
534
1133
1001
2921
1609
1214
2968
2377
2401
2696
207
489
199
44
304
2219
2877
2417
1554
2396
1425
1648
330
922
350
2758
1140
191
2378
1459
2737
877
2195
2935
2296
2144
1293
1067
2377
2612
2047
686
2292
282
2763
512
2626
1905
208
434
1409
2421
1400
1933
1491
1930
2022
616
1542
1715
581
1920
149
1368
2426
682
1531
931
1134
1048
1999
2129
2512
2677
2505
66
1622
734
2718
6
1425
670
114
1834
1850
2878
1523
2208
1186
2712
1863
1028
2079
6
2112
2079
2036
2064
68
574
1964
90
1737
2838
149
1468
2133
1001
2921
1524
1085
2862
1616
1373
282
1226
2699
1400
1425
1319
492
2264
601
686
2837
1054
116
375
9
1508
1822
2759
1595
1449
1425
1905
2611
2164
2338
2625
2150
1120
817
2309
1586
1054
424
466
2478
605
371
713
952
748
1171
1851
2126
2517
2722
1543
732
2075
2669
1584
890
1564
785
2551
2159
795
777
1079
17
2379
1817
2945
1435
480
2621
1174
2266
2584
2551
1616
1211
195
208
2992
597
1466
142
1469
666
2863
158
1075
236
759
1635
1665
2859
1081
1253
1365
1301
81
1941
2587
959
369
1495
2660
43
286
2641
279
672
1097
2651
2947
7
2377
2885
183
2328
2355
126
383
1889
1727
636
91
288
2478
870
1973
195
2362
882
2365
923
460
2898
2002
311
618
2009
537
2119
2406
2268
881
2036
2428
1589
2792
1641
2505
1851
1120
1061
753
1759
27
1134
1519
2481
2207
2790
1142
515
2762
2105
2517
501
2680
315
2923
383
2278
2317
1469
618
195
2624
1547
189
1206
2162
574
2414
2207
1620
1828
505
383
726
2725
574
1221
2171
2265
2460
2935
249
1495
661
333
2518
2015
2709
1542
1499
1842
1654
2959
183
1475
2244
568
1173
1817
884
713
1269
766
2380
2423
2679
1407
2554
370
1085
1713
1932
2604
446
2150
1228
604
72
807
1839
1587
2597
1795
1159
218
911
811
1794
2274
1211
1209
1544
1134
1499
225
1343
2594
2604
619
1271
1222
1846
121
645
207
2612
1846
2964
1001
48
652
1341
2957
1587
1027
1300
2066
2079
635
1264
1358
2398
2935
561
1007
1851
2726
116
884
574
760
552
2460
2462
2338
207
46
2904
1850
1759
2447
962
1896
2036
2116
292
543
635
197
184
2350
1694
1547
1953
2030
2116
670
2048
902
573
2559
907
2822
383
1162
211
2372
2385
1729
1467
121
742
2098
1022
70
2592
2317
1885
1027
2559
1187
1907
352
2712
177
149
2257
632
1039
1028
207
793
2247
2030
2927
1061
859
1231
492
1793
1786
1452
1071
761
1425
2211
1527
1135
1555
1293
922
1035
207
2841
658
2934
763
2033
2671
1465
86
1426
885
1072
1137
2414
1162
1256
2543
1048
2684
2929
2752
492
1349
2691
1726
574
823
2584
183
2302
259
2332
161
1919
2583
449
2739
43
1889
552
1137
2998
1843
539
2493
2559
1140
2542
1139
2760
2722
2148
2408
2545
2534
952
2035
1277
2882
183
1992
1591
665
2195
45
493
180
1977
2701
1955
2959
2847
1799
2615
23
2355
811
37
1817
2203
1211
1563
609
1188
2709
396
2921
2712
1903
670
2510
958
2454
1491
635
1932
2384
2086
2691
54
180
512
1643
1800
453
1328
576
2792
2370
1639
777
2559
1537
1784
1335
2452
652
1573
767
2528
1164
1099
740
2465
2988
1209
1728
2490
1313
58
2461
1759
2584
415
2819
2003
1214
1980
371
1612
2005
459
2493
2117
2219
1456
2877
248
2223
36
1627
1406
208
2569
2671
2151
1911
2395
1727
2494
1536
2123
195
194
61
2728
2839
2718
2339
2691
1360
2806
502
2888
2958
2718
1027
1115
1660
1992
2966
186
2718
2987
383
45
874
2935
1162
1893
1876
1335
574
1099
1633
1430
1794
1011
895
2718
2933
538
1589
2009
2790
2074
619
1402
2361
1665
1442
1584
1155
1621
2812
1014
2594
699
1120
401
2036
446
2483
1152
2006
283
195
2221
1678
2930
198
1294
759
2391
409
1135
292
494
1771
1818
1699
2402
2491
803
364
2123
72
1666
2016
2105
2956
2691
2359
2101
2144
1191
2259
2442
1547
2991
867
852
2775
698
62
2427
2433
2712
1464
930
2823
2239
2964
1654
1730
890
2744
1427
104
503
652
2694
1532
127
1211
632
276
1885
1509
1363
689
1289
44
2839
1122
1794
971
1905
2484
1483
268
849
2848
249
473
584
915
673
1026
832
2300
2150
2311
2863
1627
2868
919
2531
2601
1171
1123
919
268
569
2262
2935
1280
903
468
1925
234
1728
11
2188
2335
2338
2472
1818
699
507
1577
2361
2171
2265
1007
2428
434
1203
699
2506
1425
2393
808
1225
1332
1898
196
850
1535
1949
2749
1584
1622
2440
1429
1533
2624
227
2498
1074
168
952
2788
2512
686
425
1023
1859
1533
2819
524
1236
2304
2898
2682
2841
1193
272
2625
816
2563
1399
2920
1751
1771
1073
1469
1937
574
1650
2716
963
1323
2623
2365
1563
2378
2081
1329
1822
2839
2272
277
526
1637
2584
618
1893
1715
2956
1554
1768
2737
1933
2671
1124
2432
1242
168
1889
2683
1098
1300
1154
2812
1377
1211
1639
733
2871
1634
2993
1421
1552
2503
1487
1222
7
2108
740
2844
2594
2567
1156
366
1025
164
281
2587
2926
47
1334
568
1368
1580
1155
2525
2994
2137
1066
1409
1594
1794
1889
2987
1707
183
591
1480
2364
820
2543
863
1340
100
1863
1731
1947
210
283
574
2593
401
665
549
1238
373
2103
282
208
24
1862
2189
915
1799
279
2625
2436
2914
1858
902
958
1896
956
541
2926
2655
689
2795
1989
1215
1650
1335
1177
890
1845
1898
1744
2691
2624
2839
1989
2839
2239
473
1438
1960
1469
2116
1643
574
2436
1227
2935
311
2145
2591
2490
1751
2769
2004
1772
2242
2674
2956
2705
1991
1340
1150
2763
1256
935
1503
2120
952
2776
2901
2009
116
1576
1199
564
1036
254
1364
2540
1948
2774
116
1576
208
1023
2713
279
277
2766
2497
2125
2649
2968
2616
2617
210
1801
1889
1164
2366
1778
193
1894
957
1736
1434
2074
2051
1816
326
1939
210
2542
1536
1868
632
1005
2262
1168
2541
89
1830
574
2819
389
458
326
1665
2385
277
1039
832
573
1368
2892
2781
1294
614
1910
803
2990
1952
2380
701
1123
1434
2751
1580
1391
54
69
2496
1275
8
2509
2586
1023
931
466
1429
576
204
2628
1701
1155
2492
810
1681
1813
2082
2699
38
183
2964
2146
1226
2264
890
724
386
1481
1805
1797
2703
1905
2798
2165
2691
2404
1641
1873
1404
760
2850
2133
1079
1005
597
2880
1894
804
1864
2819
1407
944
2852
617
2898
421
1568
1597
2483
245
2841
1920
2678
2490
2347
2168
1005
1091
2993
2990
806
2169
2800
2167
1728
2902
917
936
365
1622
1892
105
2381
2454
1491
2079
2074
2612
2438
2755
2559
2502
1820
1375
2737
2704
1209
383
513
1701
2369
541
183
1177
1066
2732
2920
553
1520
2965
1648
2448
2325
857
614
2887
1564
2426
1465
673
1678
2617
1576
1331
2163
1878
2708
2167
188
2935
1230
1549
2881
507
2075
2996
2109
2559
2918
1914
2121
866
1209
1140
2811
943
2101
978
19
2219
973
1007
1947
1066
1070
2138
2126
1222
1955
54
2639
2994
226
1409
1698
184
1507
2186
2899
1438
1742
740
2752
368
2265
250
1124
2036
196
1309
676
1134
914
149
2138
464
2789
394
2626
2714
2523
2712
2554
2196
1859
97
2817
2999
460
1403
1463
1751
728
1018
1273
2378
1650
785
572
2642
579
1584
2169
1261
139
2485
183
1639
2665
1846
2475
2270
1650
2081
1661
1256
1536
1009
874
279
2517
2753
2938
2116
1140
1235
744
1140
1759
1760
1020
2310
902
1403
965
1987
1683
724
383
2693
49
210
248
2074
1905
1346
580
2265
1715
2762
1244
1064
2181
809
1122
70
2403
692
2492
733
1994
2794
631
328
874
2704
1878
827
1792
2978
1046
2806
1783
90
2839
2064
1194
785
726
2009
2426
1115
1560
1615
1811
2751
2365
2025
989
2890
2014
2952
191
2964
2133
2388
1974
304
2144
2376
959
2436
2134
807
2358
1393
2037
2324
2148
2144
1887
686
2598
2997
279
154
1823
1382
2317
2638
2689
1521
2583
2206
2625
1007
2171
2862
2088
2501
618
72
334
312
2373
1522
2272
2678
2150
2553
248
832
727
840
2968
2043
2481
1033
2194
2178
2101
2186
1259
891
2701
1925
2268
1710
59
1266
1855
1389
2597
2511
709
1580
619
2179
2515
2223
58
1221
2981
83
2117
1890
1081
1891
2641
168
470
1580
177
1524
2318
1830
1477
446
1292
2779
1783
2163
2972
1809
449
1586
1544
464
1983
2719
2675
515
2738
512
556
116
1166
1580
2412
545
629
2550
584
1480
937
568
464
931
54
316
379
2346
544
1459
430
7
2265
2684
617
1671
1273
2388
1295
1907
711
2335
1557
1957
285
2718
396
1372
1194
1848
1855
81
895
1312
1538
1944
2779
2146
693
1412
2921
1133
665
460
1521
1468
872
2481
127
1874
121
2626
2691
1495
2230
693
1833
2588
2944
2302
90
2087
1137
1242
760
1817
2638
1134
604
2072
2901
1414
1951
1261
91
1771
791
933
1580
783
972
2443
1058
712
834
1869
2148
665
1568
1143
284
854
1089
265
1616
2984
1253
1209
1410
2625
1211
737
383
764
267
2627
54
1409
2382
699
1070
2427
1634
2645
1561
937
1660
592
2691
2490
1896
1334
1802
2247
452
551
946
21
2938
1879
242
2779
614
213
1905
2004
1795
1360
2979
2340
268
2625
1670
2517
1932
1795
1409
774
1890
1211
1096
1323
2543
1933
401
879
2155
545
1977
946
959
1256
1424
1474
2133
2914
2525
2514
1622
672
2826
2205
2517
133
517
1851
2165
867
2641
1002
2885
2387
413
435
1795
228
1438
983
2751
2385
249
1628
1352
2148
965
2840
1365
228
1075
2733
1467
2280
2694
2993
1115
170
1193
1780
2378
690
1051
2909
945
339
2624
398
755
1916
2498
108
148
2833
860
1698
2338
2492
2540
2933
705
1399
744
1834
2009
269
2436
2326
116
1109
1446
2314
2859
2148
1306
749
162
770
652
868
489
2274
1289
1570
2914
2338
1756
2921
2935
1202
661
661
913
507
705
2079
957
1355
1817
1001
2350
2987
775
475
446
